# oST version 5.0 parameters


[image]

width
754

height
480

[vrmagic_left]

camera matrix
720.766363 0.000000 387.935377
0.000000 720.119064 234.301725
0.000000 0.000000 1.000000

distortion
-0.460923 0.199710 0.000139 0.001821 0.000000

rectification
0.999864 0.016450 0.001524
-0.016457 0.999855 0.004453
-0.001451 -0.004477 0.999989

projection
699.075097 0.000000 380.211651 0.000000
0.000000 699.075097 236.184362 0.000000
0.000000 0.000000 1.000000 0.000000
