# oST version 5.0 parameters


[image]

width
754

height
480

[narrow_stereo/left]

camera matrix
720.766363 0.000000 387.935377
0.000000 720.119064 234.301725
0.000000 0.000000 1.000000

distortion
-0.460923 0.199710 0.000139 0.001821 0.000000

rectification
0.999864 0.016450 0.001524
-0.016457 0.999855 0.004453
-0.001451 -0.004477 0.999989

projection
699.075097 0.000000 380.211651 0.000000
0.000000 699.075097 236.184362 0.000000
0.000000 0.000000 1.000000 0.000000

# oST version 5.0 parameters


[image]

width
754

height
480

[narrow_stereo/right]

camera matrix
693.190777 0.000000 370.699783
0.000000 692.604051 237.959036
0.000000 0.000000 1.000000

distortion
-0.463977 0.203609 0.001175 -0.002570 0.000000

rectification
0.999986 -0.003397 -0.003965
0.003380 0.999984 -0.004472
0.003980 0.004458 0.999982

projection
699.075097 0.000000 380.211651 -211.802233
0.000000 699.075097 236.184362 0.000000
0.000000 0.000000 1.000000 0.000000

