# oST version 5.0 parameters


[image]

width
754

height
480

[vrmagic_left/right]

camera matrix
693.190777 0.000000 370.699783
0.000000 692.604051 237.959036
0.000000 0.000000 1.000000

distortion
-0.463977 0.203609 0.001175 -0.002570 0.000000

rectification
0.999986 -0.003397 -0.003965
0.003380 0.999984 -0.004472
0.003980 0.004458 0.999982

projection
699.075097 0.000000 380.211651 -211.802233
0.000000 699.075097 236.184362 0.000000
0.000000 0.000000 1.000000 0.000000

