# oST version 5.0 parameters


[image]

width
754

height
480

[narrow_stereo/right]

camera matrix
687.991758 0.000000 373.590025
0.000000 686.962692 217.052901
0.000000 0.000000 1.000000

distortion
-0.465224 0.210868 0.000613 -0.000169 0.000000

rectification
0.999942 -0.009786 0.004493
0.009877 0.999737 -0.020720
-0.004289 0.020764 0.999775

projection
699.576173 0.000000 368.242737 -95.564793
0.000000 699.576173 244.770350 0.000000
0.000000 0.000000 1.000000 0.000000

