%YAML:1.0
aruco_bc_nmarkers: 1
aruco_bc_mInfoType: 0
aruco_bc_markers:
   - { id:310, corners:[ [ -300, -300, 0 ], [ 300, -300, 0 ], [ 300, 300, 0 ], [ -300, 300, 0 ] ] }
