image_width: 754
image_height: 480
camera_name: vrmagic_right
camera_matrix:
  rows: 3
  cols: 3
  data: [686.009961, 0, 376.531974, 0, 688.401289, 213.978361, 0, 0, 1]
distortion_model: plumb_bob
distortion_coefficients:
  rows: 1
  cols: 5
  data: [-0.460845, 0.202001, 0.001448, -0.001474, 0]
rectification_matrix:
  rows: 3
  cols: 3
  data: [0.999946, -0.00848, -0.005928, 0.008355999999999999, 0.9997509999999999, -0.020694, 0.006102, 0.020643, 0.999768]
projection_matrix:
  rows: 3
  cols: 4
  data: [697.1108819999999, 0, 379.982525, -94.338736, 0, 697.1108819999999, 241.964291, 0, 0, 0, 1, 0]
