# oST version 5.0 parameters


[image]

width
754

height
480

[narrow_stereo/left]

camera matrix
695.955259 0.000000 377.612289
0.000000 695.134507 268.377608
0.000000 0.000000 1.000000

distortion
-0.462488 0.210157 0.000514 -0.000903 0.000000

rectification
0.999713 -0.017278 0.016608
0.016982 0.999697 0.017810
-0.016911 -0.017523 0.999703

projection
698.356961 0.000000 363.413368 0.000000
0.000000 698.356961 243.917747 0.000000
0.000000 0.000000 1.000000 0.000000

# oST version 5.0 parameters


[image]

width
754

height
480

[narrow_stereo/right]

camera matrix
685.070854 0.000000 371.653292
0.000000 683.873228 218.868713
0.000000 0.000000 1.000000

distortion
-0.460672 0.202679 -0.000079 -0.000130 0.000000

rectification
0.999937 -0.009015 0.006758
0.009133 0.999803 -0.017638
-0.006597 0.017698 0.999822

projection
698.356961 0.000000 363.413368 -95.324595
0.000000 698.356961 243.917747 0.000000
0.000000 0.000000 1.000000 0.000000

