%YAML:1.0
aruco_bc_nmarkers: 4
aruco_bc_mInfoType: 0
aruco_bc_markers:
   - { id:745, corners:[ [ -440., -213., 0. ], [ -241., -213., 0. ], [
       -241., -14., 0. ], [ -440., -14., 0. ] ] }
   - { id:349, corners:[ [ -440., 14., 0. ], [ -241., 14., 0. ], [
       -241., 213., 0. ], [ -440., 213., 0. ] ] }
   - { id:589, corners:[ [ 241., -213., 0. ], [ 440., -213., 0. ], [
       440., -14., 0. ], [ 241., -14., 0. ] ] }
   - { id:92, corners:[ [ 241., 14., 0. ], [ 440., 14., 0. ], [
       440., 213., 0. ], [ 241., 213., 0. ] ] }
