image_width: 754
image_height: 480
camera_name: vrmagic_left
camera_matrix:
  rows: 3
  cols: 3
  data: [698.2494819999999, 0, 374.841919, 0, 697.576611, 270.982486, 0, 0, 1]
distortion_model: plumb_bob
distortion_coefficients:
  rows: 1
  cols: 5
  data: [-0.462333, 0.204021, -1e-06, 6.599999999999999e-05, 0]
rectification_matrix:
  rows: 3
  cols: 3
  data: [0.999807, -0.018187, 0.00746, 0.018028, 0.999621, 0.02081, -0.007835, -0.020672, 0.999756]
projection_matrix:
  rows: 3
  cols: 4
  data: [699.576173, 0, 368.242737, 0, 0, 699.576173, 244.77035, 0, 0, 0, 1, 0]
