image_width: 640
image_height: 480
camera_name: usb_cam
camera_matrix:
  rows: 3
  cols: 3
  data: [624.666079, 0, 321.720917, 0, 583.566962, 246.671731, 0, 0, 1]
distortion_model: plumb_bob
distortion_coefficients:
  rows: 1
  cols: 5
  data: [0.04798699999999999, -0.179795, -0.003102, -0.001248, 0]
rectification_matrix:
  rows: 3
  cols: 3
  data: [1, 0, 0, 0, 1, 0, 0, 0, 1]
projection_matrix:
  rows: 3
  cols: 4
  data: [623.884888, 0, 320.626667, 0, 0, 584.231323, 245.255982, 0, 0, 0, 1, 0]
