%YAML:1.0
aruco_bc_nmarkers: 3
aruco_bc_mInfoType: 0
aruco_bc_markers:
   - { id:940, corners:[ [ -1000., -750., 0. ], [ -500., -750., 0. ], [
       -500., -250., 0. ], [ -1000., -250., 0. ] ] }
   - { id:36, corners:[ [ 500., -750., 0. ], [ 1000., -750., 0. ], [
       1000., -250., 0. ], [ 500., -250., 0. ] ] }
   - { id:462, corners:[ [ -250., 250., 0. ], [ 250., 250., 0. ], [ 250.,
       750., 0. ], [ -250., 750., 0. ] ] }
